Id,saleprice
2658,83473.76061333291
2718,208073.44145893079
2414,185606.20158451746
1989,214528.44145893079
625,175187.44145893079
333,101516.44145893077
1327,101141.94145893077
858,153920.44145893079
95,202828.94145893079
1568,166908.44145893079
2482,169702.94145893079
1364,136658.94145893079
2584,161574.44145893079
818,286440.4414589308
2673,202137.94145893079
2089,110391.44145893077
1297,198835.28488734816
790,129170.44145893079
2616,190276.44145893079
720,172336.44145893079
222,146780.94145893079
557,124932.44145893079
1148,202418.94145893079
2766,183026.94145893079
534,181205.44145893079
1452,118260.94145893079
630,144153.94145893079
2648,242538.2606133329
125,169053.44145893079
1904,54870.65657747189
1670,106679.94145893077
756,121521.44145893079
717,219247.94145893079
1032,152261.94145893079
852,209379.94145893079
1731,174237.70158451746
2639,213825.2738600688
2071,175041.44145893079
1267,103683.44145893077
1851,203964.54628743068
567,183742.20158451746
2439,197916.94145893079
1898,151663.44145893079
647,151242.94145893079
2256,230300.44145893079
979,111142.65657747189
1444,198710.44145893079
2485,129939.44145893079
157,121000.44145893079
88,125562.94145893079
2003,205124.27386006876
186,181724.94145893079
1425,239661.94145893079
2695,129515.94145893079
738,107550.94145893077
395,135990.94145893079
1353,174246.94145893079
1878,140480.94145893079
390,165895.44145893079
1456,214100.44145893079
1103,321870.94145893084
1387,160448.94145893079
2070,134892.04628743068
1199,164077.94145893079
2479,178660.94145893079
501,321805.44145893084
2362,93046.65657747189
1718,221826.94145893079
2188,83846.65657747189
1483,175786.44145893079
2557,110616.94145893077
437,346181.94145893084
2224,205293.44145893079
1628,151151.94145893079
397,123659.44145893079
587,198043.94145893079
2182,530270.2015845175
971,145117.94145893079
2611,133386.94145893079
1887,103939.44145893077
2399,385639.94145893084
2148,203765.44145893079
304,120305.54628743068
1997,132478.94145893079
2817,124978.44145893079
1431,197978.94145893079
427,394122.7015845175
263,128182.94145893079
598,168156.44145893079
2895,218918.44145893079
687,130363.04628743068
1822,130456.44145893079
2191,205191.44145893079
179,211621.94145893079
1009,243824.94145893079
2010,237067.4819557607
1991,131148.94145893079
1411,180078.44145893079
1721,256021.98195576068
1144,180125.44145893079
593,191053.94145893079
575,335017.44145893084
1249,179982.44145893079
1604,115946.44145893079
1064,464516.4414589307
1923,160224.44145893079
1988,104886.65657747189
2325,160165.44145893079
114,191941.94145893079
2700,210826.94145893079
217,151942.6565774719
343,168364.44145893079
386,221254.94145893079
2005,113391.94145893077
2908,138294.6565774719
1814,232416.94145893079
2446,429279.94145893084
208,133059.44145893079
1679,136200.44145893079
822,348787.94145893084
6,174762.44145893079
1781,387623.2015845175
2397,297427.70158451743
2340,338414.44145893084
1618,159828.94145893079
2843,142495.77386006876
1061,354322.94145893084
2786,119944.94145893079
1935,125670.44145893079
1341,218963.44145893079
521,258203.44145893079
2136,151850.44145893079
996,206958.44145893079
227,158252.44145893079
135,170718.44145893079
1167,168754.94145893079
294,248377.94145893076
1776,209990.20158451746
540,162537.44145893079
1717,234478.70158451746
2303,117517.44145893079
116,172367.94145893079
127,133380.44145893079
1371,131767.44145893079
1014,195714.44145893079
1507,114438.65657747189
702,125043.54628743068
750,252057.27386006876
261,137532.94145893079
1559,125142.27386006876
577,223060.44145893079
2812,185630.44145893079
2080,157854.44145893079
1368,113334.89590454618
2376,107113.44145893077
659,201987.77386006876
1235,125772.94145893079
332,94758.65657747189
1917,132024.44145893079
2094,243740.44145893079
1460,244138.94145893079
1471,226509.94145893079
1509,116935.44145893079
1922,122551.94145893079
433,474393.9414589307
460,322999.44145893084
1116,226917.44145893079
1137,151492.44145893079
53,187481.94145893079
2354,252863.70158451746
1475,198594.44145893079
1761,474361.9414589307
842,144394.44145893079
2739,207231.94145893079
2509,168408.44145893079
1007,190205.94145893079
2610,160856.44145893079
1952,215853.94145893079
2719,199226.44145893079
2921,99342.94145893077
1966,148811.94145893079
292,143062.6565774719
1204,174191.94145893079
1829,239729.44145893079
2419,182432.20158451746
391,157069.94145893079
798,112465.94145893077
481,175654.94145893079
193,181721.44145893079
555,123095.94145893077
899,41251.27386006879
2357,167405.44145893079
328,138783.44145893079
1356,117911.94145893079
1154,103866.04628743068
1730,178358.20158451746
2249,153763.94145893079
1119,244761.70158451746
2856,158491.44145893079
1394,138058.94145893079
2587,114662.44145893077
61,339509.44145893084
2661,274303.9414589308
2711,136651.94145893079
1147,150653.44145893079
757,111536.44145893077
2623,132423.44145893079
2378,164319.44145893079
1413,127055.44145893079
1722,230422.44145893079
1112,204660.44145893079
1623,176043.44145893079
1201,197227.94145893079
1513,124307.94145893079
957,282207.4414589308
1171,275803.9414589308
1145,186543.94145893079
2726,239857.44145893079
703,148308.44145893079
760,112164.26140597182
1964,139780.44145893079
2512,182764.94145893079
159,128331.94145893079
1281,157390.94145893079
468,178367.94145893079
290,129912.44145893079
665,104165.94145893077
1463,238143.44145893079
1792,207645.94145893079
923,177724.94145893079
500,285563.9414589308
1408,185814.6565774719
331,90550.65657747189
170,113390.0462874307
2192,99046.44145893077
2571,257134.94145893079
2314,152436.94145893079
2647,97590.44145893077
422,423580.94145893084
2457,340677.2015845175
1838,244060.70158451746
2805,251041.70158451746
1645,151696.54628743068
1711,301473.9414589308
2825,256147.68078600505
322,332216.94145893084
2103,254993.70158451746
342,126054.94145893079
600,109682.44145893077
488,179353.44145893079
1725,367121.2015845175
2246,295354.70158451743
2847,149478.44145893079
806,222516.44145893079
530,230967.94145893079
963,188039.94145893079
2678,179865.17016174528
171,82566.65657747189
2401,423940.7015845175
805,215251.44145893079
2259,187093.94145893079
1748,158640.44145893079
1361,127990.04628743068
1677,132034.44145893079
1406,151541.94145893079
2322,238940.20158451746
688,153420.44145893079
143,150318.94145893079
804,188088.94145893079
1214,233948.94145893079
2828,157586.20158451746
1999,132642.44145893079
2467,206721.70158451746
2665,150789.94145893079
1538,292810.4414589308
398,115044.94145893077
2822,141223.44145893079
2157,155363.44145893079
1856,199690.44145893079
1269,116545.44145893079
2570,122268.44145893079
2320,221480.94145893079
1517,129180.94145893079
2304,130141.31875941964
1312,87503.94145893077
2012,146706.44145893079
506,241317.94145893079
2865,208663.44145893079
2367,117767.44145893079
554,219366.27386006876
238,142960.94145893079
1954,100899.54628743068
2488,144839.94145893079
2291,91984.04628743068
1969,127106.44145893079
2725,212980.44145893079
1482,157479.94145893079
2763,186225.44145893079
503,263396.4414589308
1584,242577.94145893079
1531,183840.94145893079
2210,207843.94145893079
459,374601.2015845175
556,126603.44145893079
1347,143611.94145893079
1290,85660.94145893077
1388,112278.65657747189
1571,225435.94145893079
2754,212681.20158451746
765,151393.77386006876
2494,125327.44145893079
2870,231483.44145893079
7,248967.94145893076
1114,243283.94145893079
2418,257046.20158451746
291,150326.6565774719
18,374461.2015845175
39,388616.7015845175
1001,301338.4414589308
2442,219860.94145893079
616,133993.44145893079
2680,86614.65657747189
1414,129143.94145893079
289,184412.44145893079
40,264184.20158451743
860,131933.44145893079
409,149145.44145893079
673,146992.44145893079
2427,218519.70158451746
2036,216447.44145893079
2564,138585.44145893079
642,188649.77386006876
1008,164946.44145893079
1908,143431.27386006876
2519,225095.94145893079
1369,84252.68078600506
2855,273030.9414589308
712,85025.44145893077
1943,119254.6565774719
1958,126420.94145893079
107,178325.94145893079
2295,178829.94145893079
704,106662.65657747189
676,130164.94145893079
259,170222.94145893079
93,282829.9414589308
106,225896.94145893079
2315,170620.44145893079
1050,104955.44145893077
1095,179553.94145893079
2709,150574.44145893079
758,123222.6565774719
1496,151528.94145893079
2370,132104.94145893079
2458,244741.70158451746
2733,144590.94145893079
161,243073.44145893079
726,147376.44145893079
845,211578.94145893079
947,243674.44145893079
2232,106374.65657747189
2563,139494.94145893079
2299,141868.8786885687
211,233631.3786885687
605,183984.04628743068
1478,213862.94145893079
2247,280371.9414589308
2274,201100.94145893079
2869,206620.94145893079
967,201475.94145893079
2656,214965.94145893079
667,200133.44145893079
1042,119677.94145893079
2023,165308.94145893079
2447,378667.44145893084
2055,146504.94145893079
2275,314708.7015845175
2204,181822.44145893079
1563,304911.9414589308
483,220526.41350459083
796,136810.44145893079
1526,165630.94145893079
2042,133905.94145893079
442,364751.94145893084
1693,338218.7015845175
1468,210700.94145893079
1430,202068.44145893079
2605,161466.51318714305
1529,191253.44145893079
335,141052.44145893079
1287,102926.94145893077
31,116688.94145893079
1785,333669.2015845175
82,159372.94145893079
2620,204088.44145893079
252,185925.94145893079
721,31094.656577471935
2165,203370.70158451746
2316,177941.94145893079
775,130364.44145893079
1558,78861.68078600506
17,154871.94145893079
1022,227753.44145893079
925,243587.44145893079
438,297561.4414589308
1270,153739.44145893079
1272,137197.94145893079
215,145310.8786885687
266,201854.44145893079
2402,284205.4414589308
1250,118911.54628743068
1984,103004.94145893077
1279,147017.44145893079
377,221530.94145893079
1252,150385.94145893079
2156,227541.44145893079
499,301789.9414589308
1374,128951.44145893079
2898,224300.44145893079
401,109621.44145893077
2721,171724.94145893079
2078,245292.44145893079
2589,118567.94145893079
1946,215516.44145893079
1334,212756.94145893079
2781,224038.44145893079
431,404073.7015845175
576,217759.94145893079
1474,184029.94145893079
2254,141013.94145893079
2155,254331.94145893079
885,125987.94145893079
643,133673.44145893079
1944,128688.44145893079
480,182756.44145893079
2845,107853.27386006874
2387,314633.7015845175
2407,236997.20158451746
2527,150262.94145893079
2514,165357.94145893079
629,181057.44145893079
80,164474.44145893079
1876,138454.44145893079
1546,121643.44145893079
2518,162353.94145893079
2347,154481.94145893079
783,242125.44145893079
1322,165300.4999404072
194,193370.94145893079
1770,295766.9414589308
2143,88836.77386006874
1229,216054.94145893079
511,249007.94145893076
46,235230.70158451746
1348,280502.4414589308
2465,205464.70158451746
387,221241.94145893079
873,211838.44145893079
1918,111798.44145893077
2764,208967.94145893079
2184,115442.44145893079
934,153703.44145893079
1920,120463.44145893079
2631,144668.94145893079
1768,586740.9414589307
2040,135305.44145893079
1749,206068.44145893079
834,238998.94145893079
1457,224968.94145893079
79,117296.94145893079
2302,124938.44145893079
1817,138063.27386006876
2755,240395.20158451746
359,160258.44145893079
2059,109420.44145893077
2092,205899.44145893079
2516,241738.44145893079
150,107706.94145893077
1656,138358.44145893079
83,109195.94145893077
2411,194533.70158451746
795,92914.44145893077
2312,211447.44145893079
2917,130950.6565774719
1624,165578.44145893079
2215,287947.4414589308
1211,139536.44145893079
1485,186216.18078600508
1024,159460.94145893079
570,200867.94145893079
2874,142734.94145893079
700,148636.94145893079
2756,217406.20158451746
2022,173808.94145893079
583,208759.94145893079
2392,371874.2015845175
2424,206261.94145893079
212,125382.8959045462
736,131752.44145893079
1610,163432.94145893079
890,97330.44145893077
467,166906.44145893079
578,199777.94145893079
1747,186973.94145893079
1149,169671.44145893079
2758,237390.70158451746
857,130982.94145893079
2219,264759.4414589308
733,214443.76061333294
2909,115241.44145893077
1798,250881.94145893076
235,125126.44145893079
2366,153713.44145893079
1027,132367.44145893079
1195,124027.44145893079
1303,143727.44145893079
148,178435.44145893079
608,157706.54628743068
2515,191882.44145893079
821,304957.9414589308
2500,278204.4414589308
745,123306.44145893079
741,141182.44145893079
1611,-5707085463457704.0
2532,133563.44145893079
1081,245023.44145893079
1692,441784.70158451755
2520,198907.44145893079
276,135670.6565774719
1992,120780.27386006876
663,27030.656577471935
418,133985.94145893079
1733,193696.20158451746
2359,140805.94145893079
253,182678.44145893079
1518,160082.94145893079
2035,148271.44145893079
2919,95046.65657747189
1540,234772.94145893079
2120,144875.44145893079
1674,195368.94145893079
256,149274.44145893079
2361,116225.1036408785
978,97673.94145893077
2280,174517.44145893079
2095,210505.94145893079
1709,309234.9414589308
2801,216915.44145893079
1246,114561.44145893077
2373,117092.94145893079
1055,294384.20158451743
2017,137042.44145893079
1099,268856.4414589308
1344,100894.94145893077
835,210426.44145893079
1117,238078.20158451746
2043,87318.65657747189
2085,146439.44145893079
410,162335.94145893079
2650,108413.44145893077
2867,276813.9414589308
1668,107977.94145893077
1161,178442.44145893079
2122,178922.44145893079
2539,144767.44145893079
1047,149950.04628743068
1445,132019.94145893079
541,129846.6565774719
569,251967.20158451746
1276,130590.94145893079
918,248692.44145893076
326,178857.94145893079
1936,129980.44145893079
895,107161.94145893077
257,167610.94145893079
1241,173168.94145893079
1545,126723.94145893079
1189,170189.54628743068
270,149983.44145893079
2066,177491.44145893079
693,102020.94145893077
1259,260521.44145893079
2916,153871.44145893079
2321,278852.20158451743
1977,82419.77386006874
1895,142943.94145893079
1240,160762.94145893079
85,154035.44145893079
1823,126421.44145893079
825,274266.9414589308
110,223585.44145893079
697,213812.94145893079
2297,111318.65657747189
1231,142913.94145893079
1355,137971.94145893079
968,343930.94145893084
584,212208.94145893079
1315,120118.6565774719
1606,136223.94145893079
206,103031.94145893077
1685,400704.7015845175
2016,238872.94145893079
869,196797.94145893079
2135,125186.44145893079
2346,162872.44145893079
2430,236104.70158451746
2198,75420.26061333291
2652,120793.44145893079
27,114807.94145893077
241,160984.94145893079
906,139009.94145893079
1506,132646.6565774719
2098,338954.2015845175
1435,226014.44145893079
2213,164388.94145893079
1274,128173.94145893079
743,23794.628623131983
1737,207279.20158451746
2797,245709.44145893079
2185,95046.65657747189
58,153370.94145893079
830,190167.44145893079
808,126368.94145893079
680,163210.94145893079
1153,89324.94145893077
1291,226996.77386006876
1818,181259.44145893079
2161,184267.20158451746
1883,123554.54628743068
350,359202.44145893084
2473,150841.9167030586
295,203711.44145893079
293,182682.94145893079
859,119748.44145893079
288,66668.77386006874
1578,142139.44145893079
102,180375.44145893079
2831,173022.94145893079
1030,175953.94145893079
2551,138220.94145893079
1286,147723.44145893079
958,333105.44145893084
776,126000.94145893079
72,239629.44145893079
2263,280356.70158451743
1866,153344.94145893079
2876,79956.94145893077
2146,233409.44145893079
103,181447.44145893079
1500,139671.94145893079
492,172901.44145893079
167,158538.94145893079
2597,114076.44145893077
2685,132127.94145893079
1035,138840.44145893079
1220,81202.27386006874
2602,163731.94145893079
2159,203177.44145893079
695,237299.94145893079
1109,273672.9414589308
640,193261.94145893079
1652,156349.94145893079
2090,180009.44145893079
1188,195401.44145893079
2345,203769.44145893079
1059,399410.94145893084
2751,234838.70158451746
128,204390.44145893079
1523,175313.94145893079
2925,164775.44145893079
2145,266924.9414589308
1121,228488.70158451746
566,290038.4414589308
565,250359.44145893076
1331,157379.44145893079
2928,126502.6565774719
156,134520.44145893079
797,141125.44145893079
327,97791.44145893077
2859,169416.94145893079
1453,107676.44145893077
1762,340359.44145893084
1868,183545.94145893079
1760,168988.94145893079
1113,230098.44145893079
1812,184669.44145893079
117,148475.94145893079
1142,192868.44145893079
2342,428958.94145893084
927,175958.94145893079
2478,181128.94145893079
655,183873.94145893079
2064,124816.94145893079
369,284163.9414589308
2239,138167.94145893079
2732,224345.44145893079
1653,160621.94145893079
959,232635.20158451746
2395,354581.7015845175
1412,102454.65657747189
271,239121.44145893079
1484,155158.94145893079
1497,147700.94145893079
552,183894.44145893079
2,130364.44145893079
1855,264930.9414589308
4,295837.4414589308
2292,168236.44145893079
134,143629.44145893079
646,219551.77386006876
42,332689.94145893084
532,221419.94145893079
713,116025.91670305858
2561,123551.44145893079
2360,125104.44145893079
1333,127725.44145893079
1407,281951.9414589308
2892,265625.4414589308
574,215262.44145893079
1227,167656.94145893079
2591,193953.04628743068
1476,196781.44145893079
1125,252119.94145893076
1446,135961.44145893079
408,138384.94145893079
1101,286166.9414589308
2251,202709.94145893079
373,191959.94145893079
2554,135691.44145893079
2382,275758.4414589308
1985,176019.74590572884
519,225292.20158451746
1093,179024.44145893079
864,232148.44145893079
2889,160619.44145893079
2308,202206.44145893079
986,150407.94145893079
1302,142721.27386006876
585,145368.44145893079
2708,130579.94145893079
147,134907.44145893079
1441,208452.94145893079
383,180573.44145893079
285,148766.44145893079
181,108145.44145893077
358,201771.44145893079
780,166970.44145893079
258,180152.94145893079
1865,194273.94145893079
692,100254.94145893077
2902,326097.7015845175
508,246369.44145893076
2638,141698.44145893079
36,166733.94145893079
611,195635.44145893079
2281,168010.44145893079
1678,165569.94145893079
1696,472601.2015845175
1557,18123.273860068788
2180,146038.94145893079
1726,246038.20158451746
951,143050.94145893079
267,220204.94145893079
2706,136224.94145893079
2221,241346.94145893079
1357,2.457809579562427e+16
2901,300848.20158451743
347,154422.94145893079
2164,186040.94145893079
1586,287065.4414589308
360,165253.44145893079
1769,253438.94145893076
2617,165991.94145893079
1879,169326.94145893079
991,217967.94145893079
1535,156262.94145893079
1191,182670.68078600508
1579,221394.70158451746
1882,129351.44145893079
1510,133583.44145893079
2196,168454.6565774719
1845,189130.44145893079
2336,398084.7015845175
942,192516.27386006876
861,119484.94145893079
2555,116334.44145893079
1392,162475.44145893079
2099,261034.20158451743
1543,126914.44145893079
948,259099.44145893079
1239,151707.44145893079
22,199238.94145893079
2796,229813.94145893079
2747,187474.44145893079
92,268721.9414589308
210,180711.44145893079
1858,216031.94145893079
2228,170852.44145893079
447,245136.70158451746
827,216409.94145893079
1649,189860.94145893079
682,141846.54628743068
2698,107856.35100734314
494,151611.44145893079
214,72598.65657747189
2441,229416.20158451746
2679,111751.44145893077
1336,126337.44145893079
465,170048.94145893079
1524,147882.94145893079
2543,120450.94145893079
631,132008.44145893079
2452,326584.44145893084
228,148899.44145893079
126,174813.31875941964
1092,236427.70158451746
1122,246983.20158451746
932,214723.44145893079
1980,188757.27386006876
2171,122612.44145893079
551,157451.44145893079
2768,148919.54628743068
2056,117974.94145893079
1159,353093.94145893084
2645,134478.94145893079
1174,182763.44145893079
2266,201202.44145893079
2462,363607.7015845175
1219,131844.44145893079
2922,223422.94145893079
118,147244.44145893079
474,186869.44145893079
2576,151673.94145893079
872,283172.4414589308
1077,229267.94145893079
1536,139840.94145893079
1150,116296.94145893079
2341,316950.2015845175
1931,170062.94145893079
2785,142610.44145893079
2538,117655.44145893079
597,184328.04628743068
464,207282.94145893079
233,235539.94145893079
2169,146501.94145893079
2123,157073.94145893079
1867,163549.94145893079
137,257692.44145893079
515,226180.70158451746
933,124640.44145893079
2784,260279.44145893079
972,188151.94145893079
599,189068.94145893079
2614,122302.44145893079
2582,170471.94145893079
1409,170089.94145893079
175,118728.94145893079
352,253198.94145893076
976,112112.44145893077
2134,181133.44145893079
984,105014.65657747189
2396,384583.94145893084
1673,138525.94145893079
404,145288.44145893079
607,166265.44145893079
814,176403.44145893079
868,186223.94145893079
2271,221766.94145893079
1633,263323.4414589308
337,180830.77386006876
2765,195186.94145893079
1746,222981.44145893079
368,347607.7015845175
2806,193460.44145893079
1662,186625.94145893079
1234,199431.44145893079
1373,135123.94145893079
1672,108050.94145893077
1939,141800.94145893079
